117.87688157509156
802.9395948418244
1441.2460330636022
2038.0531342513034
2598.6178364158054
3128.1970775679865
3976.183428928551
4448.302317589262
4889.716954464258
5296.597208482113
5550.708699107111
5588.538820535681
5411.21648928568
5125.238742678539
4574.752993035685
3826.997488482118
3208.0631030356926
2629.0545292856955
2177.833433571413
1913.3978353571297
1798.388704732131
1854.892911607131
2009.644321160702
2239.5139240178446
2410.3885058035576
2499.795325178557
2537.986989642842
2461.904253571414
2363.264304642843
2245.595564553558
2095.0014831249873
1933.3139789285597
1906.7986574107026
1871.8377491071315
1946.01619392856
2025.910701071417
2152.526972142845
2285.0967770535585
2393.116078571415
2474.7843495535567
2495.986831339271
2452.0904965178424
2326.5061249106993
2178.322257589272
1972.98579098213
1755.9129944642743
1541.6423328839182
1342.893178687491
1199.4396882767778
1095.66913745535
1041.7567849732075
1041.7264221696364
1068.618660741065
1119.3172309553504
1187.3898912589216
1230.1150087767783
1233.5735235357072
1220.7003482321354
1170.2448295892784
1090.7894540714217
1011.9312523124936
923.0775194553513
847.7042202499945
788.9636745267806
748.4575357321381
742.8519405624955
746.3378357410669
749.1474995803526
759.0993087767812
773.9854415535667
785.2140723571381
781.7426035714238
778.738424776781
746.6922221249955
710.2329414821386
657.8274505803529
605.500290874996
555.4955207321393
489.073100705354
422.69030471428295
387.3725589999975
373.11767501785476
366.4544606249977
372.39547233035483
369.72680473214064
377.02048521428344
377.232307160712
373.8655746428549
362.48943816964066
341.2681874196408
319.2353632946409
311.7084945267838
302.9179248035696
304.37732848214097
285.0624420714268
274.3524801964269
265.4840049017841
245.06653854464133
236.26067713392715
231.90346142856998
215.32497831249862
213.47212341964152
203.3174693303559
193.62348869642736
186.05936611607027
167.65452416964186
159.61279426785615
157.1271304642847
130.04384910714202
147.05797397767765
134.13015887946344
123.6862695124992
120.77636354017783
101.7466553723208
98.4452178294637
111.54136504999931
105.3768460071422
111.95831436874931
123.81329569196355
95.95393553660655
93.14846505656561
89.30045565683201
88.59737317834384
91.99243943003663
100.43887622084588
114.88990535970711
