781.0095230922255
812.3338508191607
855.395915864947
909.630966496348
974.4742509801274
1049.3610175830484
1133.7265145718745
1227.0059902133694
1328.6346927742964
1438.047870521419
1554.680771721501
1677.9686446413057
1807.3467375475966
1942.250298707137
2082.1145763866907
2226.374818853021
2374.466274372892
2525.824191213066
2679.883817640308
2836.0804019213797
2993.8491923230463
3152.6254371120704
3311.8443845552156
3470.941282919246
3629.3513804709232
3786.5099254770134
3941.852166204278
4094.8133509194827
4244.828727889389
4391.3335453807595
4533.763051660361
4671.552494994954
4804.137123650775
4908.841476873769
5020.530635393576
5113.931512589891
5196.64917892349
5265.890087583478
5327.191391570022
5385.909903787172
5432.390874561974
5462.843165890929
5494.236267552837
5506.714223215183
5509.385412040726
5498.1004019013135
5461.851033605981
5409.822360413816
5348.472844045882
5296.8106996268825
5221.0075704967185
5145.432877600329
5052.345033608213
4950.350029494398
4843.104744644483
4717.675695262506
4618.157122137811
4496.036954101304
4362.175012692537
4205.9166521331545
4061.7429435567124
3926.155486902306
3795.0394711470317
3655.753338998668
3518.4031013384133
3377.837354412946
3255.319149927038
3132.662646075867
2993.464443346671
2846.3891277648167
2711.174576114731
2615.843275758828
2503.551366306213
2419.8776942330724
2317.186807547391
2241.37515258977
2164.4993287988423
2095.0942890887195
2042.1242549780702
2013.2725594235383
1966.7715078594956
1920.0289564176983
1896.8229221720067
1879.1544962515013
1872.0598817069717
1868.8795212591017
1869.5823780117123
1901.3463911172796
1935.8650493830894
1965.028147787985
1995.6224058087573
2034.23901122803
2063.8039768318754
2100.2412890332826
2129.838266746471
2159.889616624004
2183.8221257008145
2226.6977786520974
2254.1614449733447
2285.68089661896
2310.564569331439
2341.0618448101955
2360.208239454991
2378.564571414423
2395.789892369098
2409.5728725766307
2423.462701830579
2425.989247313166
2422.664096829212
2416.8030969527713
2415.9977958759578
2410.3510080923484
2400.7226364190674
2391.5218360978174
2375.6071786742777
2353.084180313775
2318.6135023574066
2288.5344462068447
2266.6861222427115
2237.5325073939916
2216.0397421694565
2193.7721652233113
2163.673253890418
2139.596612152517
2110.678015059743
2090.9531575730025
2074.467209310033
2051.620995137383
2033.4804146760646
2012.0232915795718
1990.0251404857024
1981.2207407324918
1967.281804592534
1955.5414487486773
1954.7428129453863
1959.4048245505464
1960.4116619763847
1977.420242713029
1987.2032745052752
1995.9435900775236
2005.5340737202973
2012.7996192506666
2028.1076867305185
2043.6115956233054
2063.0825513243585
2084.9985478037174
2117.910103961934
2143.6239110739534
2176.531705899164
2197.3065305661567
2231.2809789683183
2257.7664061909927
2283.039198768979
2308.998553762798
2332.2645148981082
2350.663280589539
2370.0340288214547
2384.329318264458
2399.215744408899
2403.079053177145
2411.722048245866
2415.160910686192
2413.6199238579156
2412.204850320548
2404.0913615700156
2395.7254204337196
2379.6133385372705
2362.2110599635466
2343.3847300247817
2320.4667671081584
2296.2277213740954
2261.229522122718
2230.4405944525565
2198.6354504992382
2157.529936517996
2116.7129676102745
2075.4191100455864
2028.4032731150246
1978.658562703297
1931.5184332459191
1883.4887605161116
1837.546919578552
1793.5768101528831
1739.211317295801
1694.0158464170677
1642.3837677048652
1593.1668536653428
1545.310455655562
1503.1421034857015
1460.7673268573647
1420.845294925982
1376.5297188356142
1338.1815539740476
1301.1094535442774
1270.8541887315857
1246.876008687359
1219.9871045516124
1195.6712135494279
1179.6570323064689
1156.0093793931806
1141.703887002553
1131.7527360390748
1119.172568674088
1107.758564335945
1097.6620615973861
1089.383931148259
1090.5234358146522
1089.393410282259
1095.854525750817
1098.964278403181
1103.9761298741773
1108.6843023700599
1114.1237483811576
1119.9259535494364
1127.3297863169278
1132.6357350289386
1140.240092659773
1146.9305527698807
1153.2189771969536
1161.6640891136876
1166.0396627262287
1172.8035926617702
1174.0623374738086
1173.6198509191863
1179.3552385363523
1180.079025906753
1177.8508952829384
1178.0248384596262
1173.4358481749184
1170.3304299258346
1164.7809237564732
1159.759105155927
1151.2150880868776
1139.4091135509761
1129.6226302256805
1114.1583291015777
1103.075206396467
1089.7824104072824
1073.4413298103568
1059.2481132186138
1040.4919496294517
1020.6177119122925
1002.7961810304072
986.4065884636059
967.5890850159013
949.4848107095451
930.280007325194
909.2146751578791
890.8393954530974
874.0320155645858
858.899141122523
844.2513530922146
829.6856010673188
815.4320061761389
805.6978749644622
794.4104152394401
787.6987229369314
778.7317773693308
773.3727448777017
766.5073902500386
760.8310700456653
756.2390300214681
752.5753388494824
748.4530295072379
746.682185919419
746.7579325963311
745.8162823548465
744.7900507220436
744.3804481435842
748.204620833147
750.8601516025633
753.4562613979487
757.553114735065
759.8968999351631
761.3413242920159
766.2166967065582
768.393702059726
771.708444714485
775.2172927448274
777.4550508188308
780.3196441963822
783.3374816653229
784.7487095228919
782.9703553812379
782.5830122476532
780.5967715333896
777.1759459617643
774.6210782521152
772.9547773773572
769.1473305942185
762.4669884682775
759.3147987654623
752.4617522538233
745.3049108640259
735.5312887381946
725.6754273094712
717.9624719793861
709.1408151190516
700.3293275504886
688.3233045833367
679.1367184135494
666.4626785478355
653.677853852905
640.3853086474502
626.7418996268513
613.5666771069141
600.7798378833628
586.9757958296111
571.6640065867065
558.2029092135846
544.4424692629547
532.2934540784062
520.3777420929939
509.53705988167803
498.4222655996717
489.5807440587946
481.0672420054907
472.2048277429144
464.55946255692226
454.87767310789366
447.7971169529658
437.6675362674385
430.7167483240245
423.56574282497104
417.8236015743239
411.3224042076306
406.4972807840349
401.46480042413157
397.4374969744245
395.2880022629164
390.66650486686416
389.23649146854825
387.7905596917182
387.6506026844687
387.17776514218036
387.46777487681476
385.79588691618954
384.70899976388523
381.60574162717353
382.1030236935121
381.0243427331711
381.9695408766404
381.1759229456362
380.21386008031453
379.8309283011773
379.22374676668494
377.33824549925316
376.3213646658051
374.49377782966735
373.10499699339834
372.6530978056667
371.233046870759
369.34039266124626
365.69379494369156
363.458935242932
361.21561448628677
358.5525152225727
355.06087696044415
353.05100992628553
349.5182442917335
346.2349607967034
343.33831402563607
338.4620147250406
334.12486850353326
331.912493462486
327.75720940852545
324.4071718776965
318.13279736844123
313.37798806153677
307.74818542756435
303.4687326609583
299.65994146399845
296.4237048669729
292.18523317655735
287.97346501002784
283.91250533732585
281.4481762468446
278.1845047606713
274.0812474153216
270.66561373233037
267.07569981546453
263.83826714394337
263.86034772839474
259.97178968482183
257.7329223456716
254.00584957772062
251.0568329877696
248.9754225191022
248.72080196275215
246.49714004208099
245.7077489879889
242.11603996659073
240.7686258488062
240.44405019668233
239.9224077164024
239.8534873598555
239.5035935062991
236.56830475647715
235.70006116823168
233.1273148717036
231.38678784826052
226.92190857012423
225.95785529112374
226.89356506397368
226.30724951578065
224.67846774428665
225.1090289483039
224.0281203834503
221.53097997330894
217.02783943204324
214.95967136534946
213.15308784273748
209.33035088199762
206.60097871476268
204.4229085742293
201.9385841844368
199.26294054332942
198.2411231209087
198.3332877473785
193.95017248617953
194.457947135209
193.32251361365974
190.39034195234578
189.061951444939
184.63492122916668
183.58393346793014
179.60382501679618
178.71903276683832
179.4059547790191
173.54770021700568
170.18742466453762
166.34088281221284
163.67712105724073
162.32116508498567
160.8330706605957
156.9884255081277
153.7194899117834
147.20992999039655
145.7929883324622
140.50623432522423
138.0894796141502
137.0813125614457
137.99171589522837
129.52441480847074
126.52563066739077
125.80136137359067
128.46097530073376
123.17810499301468
120.77636238016166
118.06079270083877
116.16388013454409
114.09680704122519
117.69580106827637
118.07711527591897
117.39895182765271
118.66701090003244
117.88874715311982
114.82677440872453
113.34149212296123
113.32104170447562
113.37998267870884
116.4581960820774
116.5041259994728
117.21163399670199
116.99589201203412
115.45739027020825
116.98093492302642
117.58471875384915
111.69197515957394
111.83903776513843
111.62776274791314
111.3103766231188
110.87111151135382
110.2941995332043
109.56387280925642
108.66436346009628
107.57990360631
106.29472536848372
104.79306086720356
103.0591422230557
101.0772015566262
98.83147098850124
96.3061826392669
93.48556862950939
90.35386107981473
86.89529211076912
83.09409384295867
78.93449839696952
74.40073789338778
69.4770444527996
64.14765019579117
58.39678724294849
52.208687714857746
45.56758373210508
38.45770741527657
30.863290884958403
22.76856626173671
14.15776566619769
5.015121218927277
-4.675134959488247
