2.4819826783470846
3.638669876623837
4.340079443770325
4.615462254348339
4.494069182919672
4.005151104046112
3.1779588922894537
2.0417434222114856
0.625755568374001
-1.040753794661211
-2.9285337923323587
-5.008333550077649
-7.250902193335295
-9.626988847543501
-12.107342638140484
-14.662712690564437
-17.26384813025359
-19.881498082646132
-22.48641167318029
-25.04933802729427
-27.541026270426254
-29.932225528014488
-32.19368492549715
-34.29615358831247
-36.21038064189866
-37.907115211689536
-38.35952464840719
-39.226841597383824
-39.640998713612866
-39.736457774819726
-40.29834138225915
-39.43455579797128
-37.400246964166314
-34.934836882383046
-32.264986358571605
-28.76545277481046
-24.477171810179705
-20.24081842920937
-15.059423807839908
-10.802951591986128
-5.613044418582575
0.847009703816953
7.733214811701948
14.784671397475668
22.364822926968095
29.80504451103936
37.684639332642554
44.69306451019502
52.74115880961651
59.55967718506024
66.65855789062239
73.44315686394829
80.15640706255675
86.80797196765964
92.15385922338847
96.22440894826737
100.64980745350822
103.4435215770622
105.78623653618446
107.06067777927701
108.49444169219447
108.85382120917558
109.20280091607036
107.68451417609226
105.53863372802802
102.63294844915002
98.53538798169143
93.86994719296221
89.43871547027298
82.99264312430846
76.52481885656363
69.12563652585484
61.41667041561769
54.123430478976694
45.77828231522311
36.76945648699928
27.988539775704457
18.38552360515131
9.322479220670267
0.9587754104037358
-7.304244141861497
-14.414111539767756
-22.13230627970706
-29.557298683226097
-36.672652810500644
-42.83205924066614
-48.838716404379
-54.7408514018521
-59.43443042303551
-63.982983109386424
-65.60586841383049
-66.85203460992743
-68.0296946935797
-68.1159901109085
-66.9891469375645
-66.71006086460274
-65.3734034714522
-62.93760903066493
-59.801196501225206
-56.83144785786397
-52.77380517743159
-48.667838014940045
-44.09188334560538
-38.309772559719605
-33.20159868315222
-28.617142880622232
-23.148865737332866
-17.448076704231305
-11.489874430478341
-5.097061322173796
0.5166918283066582
4.942462412537041
9.438812732625987
12.129153028373034
15.830052836800212
18.19477791459309
18.915067804901046
19.820464760458947
20.16877638832024
19.1226509543778
19.046902927142533
17.203665136354964
15.505011958408444
12.927737727772708
9.008255157007577
3.611166383645041
-1.2354566403343203
-6.754539123524014
-12.07851813319632
-18.089703054616947
-25.246839942983012
-32.00452562240623
-39.72368693956698
-47.26355863739234
-54.71260587833079
-62.688893137958175
-70.3881433176871
-77.32212199283634
-84.33350168288516
-91.12813201018284
-96.8649580344681
-102.39265745407154
-107.56088728627098
-111.59183503945857
-116.47507654884804
-120.6133331869458
-122.22452971288436
-124.07772057433971
-125.9194894270564
-125.52273781745716
-124.82041348866383
-124.1298112481758
-121.91294887642017
-118.96422345700786
-114.99885204431833
-110.71776655060776
-105.35011171183015
-98.95873267960819
-92.7606363753325
-86.18414713295854
-80.23192773736704
-72.98562360277141
-64.66289264857862
-55.75806844084449
-47.029486526186055
-38.87356578682031
-31.126584073792607
-21.844368735380577
-13.25827970319964
-5.111917331017755
2.613338887668071
9.355900736028516
16.749768907489756
23.17728471948588
29.331948269050276
35.577287915801456
41.35925089790571
45.87743896969956
50.28297490046645
52.198590004453855
54.288539002105885
56.15345336811736
56.28707634059577
56.932571986917246
56.74387566720333
55.42789108451645
53.5934425827669
51.72828749158839
47.9648496404495
44.37551209461762
40.436957900913804
35.56641162283445
30.48249102105358
24.463404958804844
18.061600673783275
11.660674004256055
5.946199830986657
-1.053372094499632
-7.494703912586497
-13.883271316784038
-20.895793780083636
-28.004225773993216
-33.82855489875753
-39.24333663424015
-44.70387637441371
-50.418932620967894
-55.22452106322536
-59.85110944409756
-63.24001988077636
-66.39691995642097
-69.01375177319456
-70.1202343156246
-71.97737530431836
-73.76977933380238
-75.43698388389186
-75.84545840883143
-76.47725708643719
-75.97826162114926
-75.89545942093363
-73.67414187569028
-70.6360544629891
-67.88780070142109
-64.06834916060792
-60.43892598514163
-56.66563898167607
-52.51936998594256
-49.35011352714658
-45.483134461632524
-41.23772736164841
-37.7287386129877
-33.62823262296439
-29.12232955234768
-24.60387751868266
-20.649303779137036
-16.865096078887415
-13.493206560306183
-11.372135801857086
-7.142697862807998
-6.504690546598868
-4.188665950000348
-2.9134027830214015
-2.3916918700793786
-1.869940035161326
-1.7673914590980009
-1.9268454921487912
-1.7057725771301282
-1.0546001393630948
-3.0428106273286217
-4.527703034619211
-6.569379325530666
-8.48226643316459
-11.147496568227815
-12.193835944415149
-14.499057047259342
-18.059609501379295
-20.63926390064376
-23.258846371796142
-26.38869944126734
-29.543090108436786
-32.74708507690591
-36.807248003572866
-40.54522845803618
-44.22852457010172
-47.728748739899714
-50.864317781829406
-53.14134770875482
-56.007993745075375
-56.77335160346051
-58.28575615584544
-59.61098098428421
-62.370429028832355
-63.89093995868224
-63.993024298104416
-63.73702022336185
-62.53500147452148
-62.112776146124965
-61.98837239401508
-60.76866279118209
-59.72548004646546
-57.75581903998036
-55.72297414975545
-52.80715440179434
-49.65631822371842
-47.1801209405055
-45.06514214901784
-42.075402479645376
-39.31265847179728
-34.751512046517504
-33.637514301685364
-28.1956031475919
-26.418646081830712
-23.425438119088977
-20.093857365389397
-15.99970215279162
-13.35874397430544
-10.656780031521091
-8.37283095151049
-5.617710461223372
-2.437878313920743
-0.7662352551800844
2.5451778306300827
6.09451630232212
8.801008739852671
9.806518460148595
11.300456119720552
13.775868698656366
14.755645858461683
14.49003440277869
13.840226564450596
13.680143488685594
11.364997852296588
11.271784107673845
11.842646898949909
11.519920597902363
10.385940669649305
9.48122692906661
7.135846552078727
6.053959454800319
4.421389686976775
1.7290832417019937
0.6460753723358832
1.1448236628305168
0.4152982253790196
-2.3540340010348495
-4.514821818099311
-9.180760998559261
-10.548317612274248
-13.276597896070847
-15.525090946989744
-15.24656858797485
-17.69864895575685
-20.609853742003086
-22.23010265622972
-22.814359629916257
-23.006031909834924
-23.2891864217851
-24.07115308870249
-24.317303657897686
-25.343644825289807
-26.002742534555182
-29.76764984548591
-30.44275719805101
-30.27519781098178
-29.065325457949008
-31.658749903076576
-30.389817147910573
-29.07368028470658
-25.382995063854892
-25.050937187547426
-24.189169249370675
-21.69390108757907
-19.72595243046204
-19.814052222389375
-17.523097479491263
-16.000784361373253
-13.675101022570834
-12.351083111607657
-10.085469544558835
-7.471193929672051
-6.064532345581746
-4.496475052263846
-2.1260232420713634
-1.6801840529527505
-0.32670259136147883
-1.4104891094229226
0.7958432616225992
1.8984214223282652
2.7960842087899147
4.67106752875391
5.019105015177117
7.723855349499213
8.308853184646036
5.324795679937324
4.826422610667409
5.185873441811175
5.4696961769277
5.6714580095518095
5.7847261332177435
5.803067741459758
5.720050027812105
5.52924018580903
5.22420540898478
4.798512890873605
4.245729825009748
3.559423404927472
2.7331608241610166
1.7605092762446333
0.6350359547125599
-0.6496919469009335
-2.1001072350616106
-3.7226427162352183
-5.523731196887509
-7.509805483484248
-9.68729838249116
-12.062642700374012
-14.642271243598547
-17.43261681863052
-20.440112231935704
-23.67119028997981
